          J1                       J2
   1.152290120542479E-003  7.030397217393968E-003
   1.122510334225092E-003  6.995165858283550E-003
   1.070469776046147E-003  6.933219785180753E-003
   9.986757827457767E-004  6.846941615622780E-003
   9.105278624955718E-004  6.739646659079188E-003
   8.100753670534624E-004  6.615424134342535E-003
   7.017506470808514E-004  6.478958529296587E-003
   5.900952503827734E-004  6.335332333362011E-003
   4.795041337084768E-004  6.189820465919256E-003
   3.740105731127336E-004  6.047686919724473E-003
   2.771289296518932E-004  5.913992957047005E-003
   1.917645296802392E-004  5.793424261707654E-003
   1.201905692356637E-004  5.690142071131716E-003
   6.408236789153394E-005  5.607660771361330E-003
   2.459070787500905E-005  5.548751655370137E-003
   2.425300044304977E-006  5.515362789423715E-003
   7.237126001577527E-003  8.344665132602936E-003
   7.120324797362383E-003  8.240801856438468E-003
   6.916353392833259E-003  8.058478119589120E-003
   6.635271058836875E-003  7.805174682495999E-003
   6.290702266881989E-003  7.491220989567763E-003
   5.898848490941523E-003  7.129228794189406E-003
   5.477392819292904E-003  6.733458822883803E-003
   5.044369024574149E-003  6.319138676563681E-003
   4.617098650268137E-003  5.901777242364569E-003
   4.211293983496652E-003  5.496519916213655E-003
   3.840405929966294E-003  5.117581997809427E-003
   3.515265876972674E-003  4.777786632281549E-003
   3.244031688381062E-003  4.488219898960861E-003
   3.032403686837030E-003  4.258000656691896E-003
   2.884031950441887E-003  4.094147550349366E-003
   2.800982613356503E-003  4.001493080046097E-003
   7.237126001577527E-003  8.344665132602936E-003
   7.120324797362383E-003  8.240801856438468E-003
   6.916353392833259E-003  8.058478119589120E-003
   6.635271058836875E-003  7.805174682495999E-003
   6.290702266881989E-003  7.491220989567763E-003
   5.898848490941523E-003  7.129228794189406E-003
   5.477392819292904E-003  6.733458822883803E-003
   5.044369024574149E-003  6.319138676563681E-003
   4.617098650268137E-003  5.901777242364569E-003
   4.211293983496652E-003  5.496519916213655E-003
   3.840405929966294E-003  5.117581997809427E-003
   3.515265876972674E-003  4.777786632281549E-003
   3.244031688381062E-003  4.488219898960861E-003
   3.032403686837030E-003  4.258000656691896E-003
   2.884031950441887E-003  4.094147550349366E-003
   2.800982613356503E-003  4.001493080046097E-003
   1.558169965881652E-002  1.248723978684427E-002
   1.554024036675256E-002  1.245207939829387E-002
   1.546593635026143E-002  1.238902321910970E-002
   1.535925579440493E-002  1.229839850604241E-002
   1.522089102090495E-002  1.218069319899608E-002
   1.505173910886343E-002  1.203654124223756E-002
   1.485289246539178E-002  1.186671684392580E-002
   1.462562863155446E-002  1.167212856256714E-002
   1.437139859994810E-002  1.145381257311863E-002
   1.409181363938458E-002  1.121292506913357E-002
   1.378863073775368E-002  1.095073385013774E-002
   1.346373680945793E-002  1.066860916828653E-002
   1.311913183316699E-002  1.036801392025450E-002
   1.275691109922468E-002  1.005049327783740E-002
   1.237924675752513E-002  9.717663856843329E-003
   1.198836886529788E-002  9.371202528361437E-003
   1.158654614161175E-002  9.012834980132144E-003
   1.117606663998709E-002  8.644324138057240E-003
   1.075921855381984E-002  8.267458559240426E-003
   1.033827136979913E-002  7.884040908022112E-003
   9.915457583577501E-003  7.495876625480201E-003
   9.492955188219302E-003  7.104762900605773E-003
   9.072871140650728E-003  6.712478047970389E-003
   8.657226003290255E-003  6.320771392040829E-003
   8.247939948235381E-003  5.931353752476521E-003
   7.846820298894606E-003  5.545888617662631E-003
   7.455550769479612E-003  5.165984085480726E-003
   7.075682545604561E-003  4.793185640825074E-003
   6.708627329785094E-003  4.428969828717253E-003
   6.355652453353100E-003  4.074738870012663E-003
   6.017878131347404E-003  3.731816253706421E-003
   5.696276908900074E-003  3.401443325734774E-003
   5.391675316464704E-003  3.084776879024255E-003
   5.104757716652025E-003  2.782887733435535E-003
   4.836072287371721E-003  2.496760277328826E-003
   4.586039044380529E-003  2.227292924925270E-003
   4.354959761380025E-003  1.975299425713465E-003
   4.143029597930805E-003  1.741510944197282E-003
   3.950350195477517E-003  1.526578810736472E-003
   3.776943951021410E-003  1.331077827636348E-003
   3.622769128301390E-003  1.155509999611507E-003
   3.487735420172450E-003  1.000308544900574E-003
   3.371719535941939E-003  8.658420330163525E-004
   3.274580355911965E-003  7.524184865215526E-004
   3.196173169792770E-003  6.602892706788881E-004
   3.136362464343172E-003  5.896525351730357E-004
   3.095032362319713E-003  5.406555226189669E-004
   3.072088357624414E-003  5.133885269965490E-004
   1.152290120542479E-003  7.030397217393968E-003
   1.122510334225092E-003  6.995165858283550E-003
   1.070469776046147E-003  6.933219785180753E-003
   9.986757827457767E-004  6.846941615622780E-003
   9.105278624955718E-004  6.739646659079188E-003
   8.100753670534624E-004  6.615424134342535E-003
   7.017506470808514E-004  6.478958529296587E-003
   5.900952503827734E-004  6.335332333362011E-003
   4.795041337084768E-004  6.189820465919256E-003
   3.740105731127336E-004  6.047686919724473E-003
   2.771289296518932E-004  5.913992957047005E-003
   1.917645296802392E-004  5.793424261707654E-003
   1.201905692356637E-004  5.690142071131716E-003
   6.408236789153394E-005  5.607660771361330E-003
   2.459070787500905E-005  5.548751655370137E-003
   2.425300044304977E-006  5.515362789423715E-003
   7.237126001577527E-003  8.344665132602936E-003
   7.120324797362383E-003  8.240801856438468E-003
   6.916353392833259E-003  8.058478119589120E-003
   6.635271058836875E-003  7.805174682495999E-003
   6.290702266881989E-003  7.491220989567763E-003
   5.898848490941523E-003  7.129228794189406E-003
   5.477392819292904E-003  6.733458822883803E-003
   5.044369024574149E-003  6.319138676563681E-003
   4.617098650268137E-003  5.901777242364569E-003
   4.211293983496652E-003  5.496519916213655E-003
   3.840405929966294E-003  5.117581997809427E-003
   3.515265876972674E-003  4.777786632281549E-003
   3.244031688381062E-003  4.488219898960861E-003
   3.032403686837030E-003  4.258000656691896E-003
   2.884031950441887E-003  4.094147550349366E-003
   2.800982613356503E-003  4.001493080046097E-003
   7.237126001577527E-003  8.344665132602936E-003
   7.120324797362383E-003  8.240801856438468E-003
   6.916353392833259E-003  8.058478119589120E-003
   6.635271058836875E-003  7.805174682495999E-003
   6.290702266881989E-003  7.491220989567763E-003
   5.898848490941523E-003  7.129228794189406E-003
   5.477392819292904E-003  6.733458822883803E-003
   5.044369024574149E-003  6.319138676563681E-003
   4.617098650268137E-003  5.901777242364569E-003
   4.211293983496652E-003  5.496519916213655E-003
   3.840405929966294E-003  5.117581997809427E-003
   3.515265876972674E-003  4.777786632281549E-003
   3.244031688381062E-003  4.488219898960861E-003
   3.032403686837030E-003  4.258000656691896E-003
   2.884031950441887E-003  4.094147550349366E-003
   2.800982613356503E-003  4.001493080046097E-003
   1.558169965881652E-002  1.248723978684427E-002
   1.554024036675256E-002  1.245207939829387E-002
   1.546593635026143E-002  1.238902321910970E-002
   1.535925579440493E-002  1.229839850604241E-002
   1.522089102090495E-002  1.218069319899608E-002
   1.505173910886343E-002  1.203654124223756E-002
   1.485289246539178E-002  1.186671684392580E-002
   1.462562863155446E-002  1.167212856256714E-002
   1.437139859994810E-002  1.145381257311863E-002
   1.409181363938458E-002  1.121292506913357E-002
   1.378863073775368E-002  1.095073385013774E-002
   1.346373680945793E-002  1.066860916828653E-002
   1.311913183316699E-002  1.036801392025450E-002
   1.275691109922468E-002  1.005049327783740E-002
   1.237924675752513E-002  9.717663856843329E-003
   1.198836886529788E-002  9.371202528361437E-003
   1.158654614161175E-002  9.012834980132144E-003
   1.117606663998709E-002  8.644324138057240E-003
   1.075921855381984E-002  8.267458559240426E-003
   1.033827136979913E-002  7.884040908022112E-003
   9.915457583577501E-003  7.495876625480201E-003
   9.492955188219302E-003  7.104762900605773E-003
   9.072871140650728E-003  6.712478047970389E-003
   8.657226003290255E-003  6.320771392040829E-003
   8.247939948235381E-003  5.931353752476521E-003
   7.846820298894606E-003  5.545888617662631E-003
   7.455550769479612E-003  5.165984085480726E-003
   7.075682545604561E-003  4.793185640825074E-003
   6.708627329785094E-003  4.428969828717253E-003
   6.355652453353100E-003  4.074738870012663E-003
   6.017878131347404E-003  3.731816253706421E-003
   5.696276908900074E-003  3.401443325734774E-003
   5.391675316464704E-003  3.084776879024255E-003
   5.104757716652025E-003  2.782887733435535E-003
   4.836072287371721E-003  2.496760277328826E-003
   4.586039044380529E-003  2.227292924925270E-003
   4.354959761380025E-003  1.975299425713465E-003
   4.143029597930805E-003  1.741510944197282E-003
   3.950350195477517E-003  1.526578810736472E-003
   3.776943951021410E-003  1.331077827636348E-003
   3.622769128301390E-003  1.155509999611507E-003
   3.487735420172450E-003  1.000308544900574E-003
   3.371719535941939E-003  8.658420330163525E-004
   3.274580355911965E-003  7.524184865215526E-004
   3.196173169792770E-003  6.602892706788881E-004
   3.136362464343172E-003  5.896525351730357E-004
   3.095032362319713E-003  5.406555226189669E-004
   3.072088357624414E-003  5.133885269965490E-004
   1.152290120542479E-003  7.030397217393968E-003
   1.122510334225092E-003  6.995165858283550E-003
   1.070469776046147E-003  6.933219785180753E-003
   9.986757827457767E-004  6.846941615622780E-003
   9.105278624955718E-004  6.739646659079188E-003
   8.100753670534624E-004  6.615424134342535E-003
   7.017506470808514E-004  6.478958529296587E-003
   5.900952503827734E-004  6.335332333362011E-003
   4.795041337084768E-004  6.189820465919256E-003
   3.740105731127336E-004  6.047686919724473E-003
   2.771289296518932E-004  5.913992957047005E-003
   1.917645296802392E-004  5.793424261707654E-003
   1.201905692356637E-004  5.690142071131716E-003
   6.408236789153394E-005  5.607660771361330E-003
   2.459070787500905E-005  5.548751655370137E-003
   2.425300044304977E-006  5.515362789423715E-003
   7.237126001577527E-003  8.344665132602936E-003
   7.120324797362383E-003  8.240801856438468E-003
   6.916353392833259E-003  8.058478119589120E-003
   6.635271058836875E-003  7.805174682495999E-003
   6.290702266881989E-003  7.491220989567763E-003
   5.898848490941523E-003  7.129228794189406E-003
   5.477392819292904E-003  6.733458822883803E-003
   5.044369024574149E-003  6.319138676563681E-003
   4.617098650268137E-003  5.901777242364569E-003
   4.211293983496652E-003  5.496519916213655E-003
   3.840405929966294E-003  5.117581997809427E-003
   3.515265876972674E-003  4.777786632281549E-003
   3.244031688381062E-003  4.488219898960861E-003
   3.032403686837030E-003  4.258000656691896E-003
   2.884031950441887E-003  4.094147550349366E-003
   2.800982613356503E-003  4.001493080046097E-003
   7.237126001577527E-003  8.344665132602936E-003
   7.120324797362383E-003  8.240801856438468E-003
   6.916353392833259E-003  8.058478119589120E-003
   6.635271058836875E-003  7.805174682495999E-003
   6.290702266881989E-003  7.491220989567763E-003
   5.898848490941523E-003  7.129228794189406E-003
   5.477392819292904E-003  6.733458822883803E-003
   5.044369024574149E-003  6.319138676563681E-003
   4.617098650268137E-003  5.901777242364569E-003
   4.211293983496652E-003  5.496519916213655E-003
   3.840405929966294E-003  5.117581997809427E-003
   3.515265876972674E-003  4.777786632281549E-003
   3.244031688381062E-003  4.488219898960861E-003
   3.032403686837030E-003  4.258000656691896E-003
   2.884031950441887E-003  4.094147550349366E-003
   2.800982613356503E-003  4.001493080046097E-003
   1.558169965881652E-002  1.248723978684427E-002
   1.554024036675256E-002  1.245207939829387E-002
   1.546593635026143E-002  1.238902321910970E-002
   1.535925579440493E-002  1.229839850604241E-002
   1.522089102090495E-002  1.218069319899608E-002
   1.505173910886343E-002  1.203654124223756E-002
   1.485289246539178E-002  1.186671684392580E-002
   1.462562863155446E-002  1.167212856256714E-002
   1.437139859994810E-002  1.145381257311863E-002
   1.409181363938458E-002  1.121292506913357E-002
   1.378863073775368E-002  1.095073385013774E-002
   1.346373680945793E-002  1.066860916828653E-002
   1.311913183316699E-002  1.036801392025450E-002
   1.275691109922468E-002  1.005049327783740E-002
   1.237924675752513E-002  9.717663856843329E-003
   1.198836886529788E-002  9.371202528361437E-003
   1.158654614161175E-002  9.012834980132144E-003
   1.117606663998709E-002  8.644324138057240E-003
   1.075921855381984E-002  8.267458559240426E-003
   1.033827136979913E-002  7.884040908022112E-003
   9.915457583577501E-003  7.495876625480201E-003
   9.492955188219302E-003  7.104762900605773E-003
   9.072871140650728E-003  6.712478047970389E-003
   8.657226003290255E-003  6.320771392040829E-003
   8.247939948235381E-003  5.931353752476521E-003
   7.846820298894606E-003  5.545888617662631E-003
   7.455550769479612E-003  5.165984085480726E-003
   7.075682545604561E-003  4.793185640825074E-003
   6.708627329785094E-003  4.428969828717253E-003
   6.355652453353100E-003  4.074738870012663E-003
   6.017878131347404E-003  3.731816253706421E-003
   5.696276908900074E-003  3.401443325734774E-003
   5.391675316464704E-003  3.084776879024255E-003
   5.104757716652025E-003  2.782887733435535E-003
   4.836072287371721E-003  2.496760277328826E-003
   4.586039044380529E-003  2.227292924925270E-003
   4.354959761380025E-003  1.975299425713465E-003
   4.143029597930805E-003  1.741510944197282E-003
   3.950350195477517E-003  1.526578810736472E-003
   3.776943951021410E-003  1.331077827636348E-003
   3.622769128301390E-003  1.155509999611507E-003
   3.487735420172450E-003  1.000308544900574E-003
   3.371719535941939E-003  8.658420330163525E-004
   3.274580355911965E-003  7.524184865215526E-004
   3.196173169792770E-003  6.602892706788881E-004
   3.136362464343172E-003  5.896525351730357E-004
   3.095032362319713E-003  5.406555226189669E-004
   3.072088357624414E-003  5.133885269965490E-004
   1.154774056904474E-003  7.033328871806231E-003
   1.135376115650683E-003  7.010405970418705E-003
   1.101128491988295E-003  6.969773133235182E-003
   1.053107622617130E-003  6.912443283833971E-003
   9.928118493976314E-004  6.839851461614690E-003
   9.220872480543445E-004  6.753805571908403E-003
   8.430453086339289E-004  6.656433638279147E-003
   7.579725023336635E-004  6.550123619113088E-003
   6.692369643784922E-004  6.437457642789068E-003
   5.791979458768453E-004  6.321143019935042E-003
   4.901234053938320E-004  6.203942425353747E-003
   4.041203739849569E-004  6.088605502606357E-003
   3.230815998597150E-004  5.977803880776199E-003
   2.486505343903447E-004  5.874071235229459E-003
   1.822050654345745E-004  5.779749604656940E-003
   1.248586759712640E-004  5.696942731559485E-003
   7.747607036726784E-005  5.627476756882100E-003
   4.069892863880868E-005  5.572868177338582E-003
   1.497631588402881E-005  5.534298324050191E-003
   5.905204572645801E-007  5.512588205931816E-003
   7.246870955561693E-003  8.353313203507572E-003
   7.170779526601999E-003  8.285715369306230E-003
   7.036497267713991E-003  8.166018570156080E-003
   6.848344286991098E-003  7.997412440275827E-003
   6.612329907865712E-003  7.784392058112260E-003
   6.335851539895349E-003  7.532583369245423E-003
   6.027358363044160E-003  7.248553337246555E-003
   5.695980171374606E-003  6.939596113999143E-003
   5.351142463175033E-003  6.613503919409026E-003
   5.002191015568103E-003  6.278332892527515E-003
   4.658048655411380E-003  5.942174110205723E-003
   4.326924634753553E-003  5.612939122367752E-003
   4.016093061152896E-003  5.298167867197814E-003
   3.731751340553163E-003  5.004864807328508E-003
   3.478962792115342E-003  4.739366706922634E-003
   3.261679883073525E-003  4.507242833446344E-003
   3.082836504962041E-003  4.313225737270331E-003
   2.944490143935019E-003  4.161168318405750E-003
   2.847988072510297E-003  4.054020154316179E-003
   2.794115679855604E-003  3.993800649646779E-003
   7.246870955561693E-003  8.353313203507572E-003
   7.170779526601999E-003  8.285715369306230E-003
   7.036497267713991E-003  8.166018570156080E-003
   6.848344286991098E-003  7.997412440275827E-003
   6.612329907865712E-003  7.784392058112260E-003
   6.335851539895349E-003  7.532583369245423E-003
   6.027358363044160E-003  7.248553337246555E-003
   5.695980171374606E-003  6.939596113999143E-003
   5.351142463175033E-003  6.613503919409026E-003
   5.002191015568103E-003  6.278332892527515E-003
   4.658048655411380E-003  5.942174110205723E-003
   4.326924634753553E-003  5.612939122367752E-003
   4.016093061152896E-003  5.298167867197814E-003
   3.731751340553163E-003  5.004864807328508E-003
   3.478962792115342E-003  4.739366706922634E-003
   3.261679883073525E-003  4.507242833446344E-003
   3.082836504962041E-003  4.313225737270331E-003
   2.944490143935019E-003  4.161168318405750E-003
   2.847988072510297E-003  4.054020154316179E-003
   2.794115679855604E-003  3.993800649646779E-003
   1.558169965881652E-002  1.248723978684427E-002
   1.554024036675256E-002  1.245207939829387E-002
   1.546593635026143E-002  1.238902321910970E-002
   1.535925579440493E-002  1.229839850604241E-002
   1.522089102090495E-002  1.218069319899608E-002
   1.505173910886343E-002  1.203654124223756E-002
   1.485289246539178E-002  1.186671684392580E-002
   1.462562863155446E-002  1.167212856256714E-002
   1.437139859994810E-002  1.145381257311863E-002
   1.409181363938458E-002  1.121292506913357E-002
   1.378863073775368E-002  1.095073385013774E-002
   1.346373680945793E-002  1.066860916828653E-002
   1.311913183316699E-002  1.036801392025450E-002
   1.275691109922468E-002  1.005049327783740E-002
   1.237924675752513E-002  9.717663856843329E-003
   1.198836886529788E-002  9.371202528361437E-003
   1.158654614161175E-002  9.012834980132144E-003
   1.117606663998709E-002  8.644324138057240E-003
   1.075921855381984E-002  8.267458559240426E-003
   1.033827136979913E-002  7.884040908022112E-003
   9.915457583577501E-003  7.495876625480201E-003
   9.492955188219302E-003  7.104762900605773E-003
   9.072871140650728E-003  6.712478047970389E-003
   8.657226003290255E-003  6.320771392040829E-003
   8.247939948235381E-003  5.931353752476521E-003
   7.846820298894606E-003  5.545888617662631E-003
   7.455550769479612E-003  5.165984085480726E-003
   7.075682545604561E-003  4.793185640825074E-003
   6.708627329785094E-003  4.428969828717253E-003
   6.355652453353100E-003  4.074738870012663E-003
   6.017878131347404E-003  3.731816253706421E-003
   5.696276908900074E-003  3.401443325734774E-003
   5.391675316464704E-003  3.084776879024255E-003
   5.104757716652025E-003  2.782887733435535E-003
   4.836072287371721E-003  2.496760277328826E-003
   4.586039044380529E-003  2.227292924925270E-003
   4.354959761380025E-003  1.975299425713465E-003
   4.143029597930805E-003  1.741510944197282E-003
   3.950350195477517E-003  1.526578810736472E-003
   3.776943951021410E-003  1.331077827636348E-003
   3.622769128301390E-003  1.155509999611507E-003
   3.487735420172450E-003  1.000308544900574E-003
   3.371719535941939E-003  8.658420330163525E-004
   3.274580355911965E-003  7.524184865215526E-004
   3.196173169792770E-003  6.602892706788881E-004
   3.136362464343172E-003  5.896525351730357E-004
   3.095032362319713E-003  5.406555226189669E-004
   3.072088357624414E-003  5.133885269965490E-004
