    lambda             e0                 E0                 e1                E1                      e2                 E2                       e3                E3                  e4                   E4                    e5                   E5                     e6                 E6                     e7                  E7                   e8                   E8                     e9                       E9                      e10                  E10 
   400.000000000000 -3.24099993705750 -86.3858003854430 -2.69799995422363 -4.494540458420613E-004  2.41799998283386  4.028094490622192E-004  1.26999998092651  2.115665824060459E-004 -1.27100002765656 -2.117331780533678E-004 -0.287999987602234 -4.797730238195482E-005 -0.686999976634979 -1.144458577579350E-004  3.88299989700317  6.468606535668327E-004  0.495000004768372  8.246099281310190E-005 -7.000000029802322E-002 -1.166115043613682E-005 -0.490000009536743 -8.162805429413403E-005
   400.000000000000 -3.24099993705750 -86.3858003854430 -2.69799995422363 -4.494540458420613E-004  2.41799998283386  4.028094490622192E-004  1.26999998092651  2.115665824060459E-004 -1.27100002765656 -2.117331780533678E-004 -0.287999987602234 -4.797730238195482E-005 -0.686999976634979 -1.144458577579350E-004  3.88299989700317  6.468606535668327E-004  0.495000004768372  8.246099281310190E-005 -7.000000029802322E-002 -1.166115043613682E-005 -0.490000009536743 -8.162805429413403E-005
   400.000000000000 -3.24099993705750 -86.3858003854430 -2.69799995422363 -4.494540458420613E-004  2.41799998283386  4.028094490622192E-004  1.26999998092651  2.115665824060459E-004 -1.27100002765656 -2.117331780533678E-004 -0.287999987602234 -4.797730238195482E-005 -0.686999976634979 -1.144458577579350E-004  3.88299989700317  6.468606535668327E-004  0.495000004768372  8.246099281310190E-005 -7.000000029802322E-002 -1.166115043613682E-005 -0.490000009536743 -8.162805429413403E-005
   400.000000000000 -3.24099993705750 -86.3858003854430 -2.69799995422363 -4.494540458420613E-004  2.41799998283386  4.028094490622192E-004  1.26999998092651  2.115665824060459E-004 -1.27100002765656 -2.117331780533678E-004 -0.287999987602234 -4.797730238195482E-005 -0.686999976634979 -1.144458577579350E-004  3.88299989700317  6.468606535668327E-004  0.495000004768372  8.246099281310190E-005 -7.000000029802322E-002 -1.166115043613682E-005 -0.490000009536743 -8.162805429413403E-005
   400.000000000000 -3.24099993705750 -86.3858003854430 -2.69799995422363 -4.494540458420613E-004  2.41799998283386  4.028094490622192E-004  1.26999998092651  2.115665824060459E-004 -1.27100002765656 -2.117331780533678E-004 -0.287999987602234 -4.797730238195482E-005 -0.686999976634979 -1.144458577579350E-004  3.88299989700317  6.468606535668327E-004  0.495000004768372  8.246099281310190E-005 -7.000000029802322E-002 -1.166115043613682E-005 -0.490000009536743 -8.162805429413403E-005
   400.000000000000 -3.24099993705750 -86.3858003854430 -2.69799995422363 -4.494540458420613E-004  2.41799998283386  4.028094490622192E-004  1.26999998092651  2.115665824060459E-004 -1.27100002765656 -2.117331780533678E-004 -0.287999987602234 -4.797730238195482E-005 -0.686999976634979 -1.144458577579350E-004  3.88299989700317  6.468606535668327E-004  0.495000004768372  8.246099281310190E-005 -7.000000029802322E-002 -1.166115043613682E-005 -0.490000009536743 -8.162805429413403E-005
   400.000000000000 -3.24099993705750 -86.3858003854430 -2.69799995422363 -4.494540458420613E-004  2.41799998283386  4.028094490622192E-004  1.26999998092651  2.115665824060459E-004 -1.27100002765656 -2.117331780533678E-004 -0.287999987602234 -4.797730238195482E-005 -0.686999976634979 -1.144458577579350E-004  3.88299989700317  6.468606535668327E-004  0.495000004768372  8.246099281310190E-005 -7.000000029802322E-002 -1.166115043613682E-005 -0.490000009536743 -8.162805429413403E-005
   400.000000000000 -3.24099993705750 -86.3858003854430 -2.69799995422363 -4.494540458420613E-004  2.41799998283386  4.028094490622192E-004  1.26999998092651  2.115665824060459E-004 -1.27100002765656 -2.117331780533678E-004 -0.287999987602234 -4.797730238195482E-005 -0.686999976634979 -1.144458577579350E-004  3.88299989700317  6.468606535668327E-004  0.495000004768372  8.246099281310190E-005 -7.000000029802322E-002 -1.166115043613682E-005 -0.490000009536743 -8.162805429413403E-005
   400.000000000000 -3.24099993705750 -86.3858003854430 -2.69799995422363 -4.494540458420613E-004  2.41799998283386  4.028094490622192E-004  1.26999998092651  2.115665824060459E-004 -1.27100002765656 -2.117331780533678E-004 -0.287999987602234 -4.797730238195482E-005 -0.686999976634979 -1.144458577579350E-004  3.88299989700317  6.468606535668327E-004  0.495000004768372  8.246099281310190E-005 -7.000000029802322E-002 -1.166115043613682E-005 -0.490000009536743 -8.162805429413403E-005
   400.000000000000 -3.24099993705750 -86.3858003854430 -2.69799995422363 -4.494540458420613E-004  2.41799998283386  4.028094490622192E-004  1.26999998092651  2.115665824060459E-004 -1.27100002765656 -2.117331780533678E-004 -0.287999987602234 -4.797730238195482E-005 -0.686999976634979 -1.144458577579350E-004  3.88299989700317  6.468606535668327E-004  0.495000004768372  8.246099281310190E-005 -7.000000029802322E-002 -1.166115043613682E-005 -0.490000009536743 -8.162805429413403E-005
   400.000000000000 -3.24099993705750 -86.3858003854430 -2.69799995422363 -4.494540458420613E-004  2.41799998283386  4.028094490622192E-004  1.26999998092651  2.115665824060459E-004 -1.27100002765656 -2.117331780533678E-004 -0.287999987602234 -4.797730238195482E-005 -0.686999976634979 -1.144458577579350E-004  3.88299989700317  6.468606535668327E-004  0.495000004768372  8.246099281310190E-005 -7.000000029802322E-002 -1.166115043613682E-005 -0.490000009536743 -8.162805429413403E-005
   400.000000000000 -3.24099993705750 -86.3858003854430 -2.69799995422363 -4.494540458420613E-004  2.41799998283386  4.028094490622192E-004  1.26999998092651  2.115665824060459E-004 -1.27100002765656 -2.117331780533678E-004 -0.287999987602234 -4.797730238195482E-005 -0.686999976634979 -1.144458577579350E-004  3.88299989700317  6.468606535668327E-004  0.495000004768372  8.246099281310190E-005 -7.000000029802322E-002 -1.166115043613682E-005 -0.490000009536743 -8.162805429413403E-005
   400.000000000000 -3.24099993705750 -86.3858003854430 -2.69799995422363 -4.494540458420613E-004  2.41799998283386  4.028094490622192E-004  1.26999998092651  2.115665824060459E-004 -1.27100002765656 -2.117331780533678E-004 -0.287999987602234 -4.797730238195482E-005 -0.686999976634979 -1.144458577579350E-004  3.88299989700317  6.468606535668327E-004  0.495000004768372  8.246099281310190E-005 -7.000000029802322E-002 -1.166115043613682E-005 -0.490000009536743 -8.162805429413403E-005
   400.000000000000 -3.24099993705750 -86.3858003854430 -2.69799995422363 -4.494540458420613E-004  2.41799998283386  4.028094490622192E-004  1.26999998092651  2.115665824060459E-004 -1.27100002765656 -2.117331780533678E-004 -0.287999987602234 -4.797730238195482E-005 -0.686999976634979 -1.144458577579350E-004  3.88299989700317  6.468606535668327E-004  0.495000004768372  8.246099281310190E-005 -7.000000029802322E-002 -1.166115043613682E-005 -0.490000009536743 -8.162805429413403E-005
   400.000000000000 -3.24099993705750 -86.3858003854430 -2.69799995422363 -4.494540458420613E-004  2.41799998283386  4.028094490622192E-004  1.26999998092651  2.115665824060459E-004 -1.27100002765656 -2.117331780533678E-004 -0.287999987602234 -4.797730238195482E-005 -0.686999976634979 -1.144458577579350E-004  3.88299989700317  6.468606535668327E-004  0.495000004768372  8.246099281310190E-005 -7.000000029802322E-002 -1.166115043613682E-005 -0.490000009536743 -8.162805429413403E-005
   400.000000000000 -3.24099993705750 -86.3858003854430 -2.69799995422363 -4.494540458420613E-004  2.41799998283386  4.028094490622192E-004  1.26999998092651  2.115665824060459E-004 -1.27100002765656 -2.117331780533678E-004 -0.287999987602234 -4.797730238195482E-005 -0.686999976634979 -1.144458577579350E-004  3.88299989700317  6.468606535668327E-004  0.495000004768372  8.246099281310190E-005 -7.000000029802322E-002 -1.166115043613682E-005 -0.490000009536743 -8.162805429413403E-005

